085	（4-4）+（4-5）+（7-2-1）	4.82 	7.50 	17.68 				30.00 
119	（4-4）+（4-10）+（7-2-2）+（12-1）	7.15 	7.00 	10.98 	4.87 			30.00 
130	（4-4）+（4-10）+（7-2-2）+（12-1）+（12-2-1）	7.74 	5.50 	3.52 	7.02 	6.22 		30.00 
141	（4-4）+（4-10）+（7-2-2）+（12-1）	8.13 	4.50 	15.46 	1.91 			30.00 
152	（4-2）+（7-2-2）+（12-1）	2.07 	21.51 	6.42 				30.00 
160	（4-10）+（7-2-2）+（12-1）	1.00 	21.96 	7.04 				30.00 
173	（2-3）+（2-4）+（7-2-2）+（12-1）	1.40 	6.98 	8.12 	13.50 			30.00 
185	（2-3）+（7-2-1）+（7-2-2）	7.58 	7.08 	15.34 				30.00 
206	（2-3）+（4-2）+（7-2-1）	3.18 	3.52 	23.30 				30.00 
215	（4-2）+（7-2-1）+（7-2-2）	0.27 	26.00 	3.73 				30.00 
227	（4-2）+（4-10）+（7-2-2）	0.49 	17.45 	12.06 				30.00 
238	（4-2）+（7-2-2）	2.39	27.61					30.00 
250	（4-2）+（7-2-2）+（12-1）+（12-2-1）	4.04	8.5	6.51	10.95			30.00 
260	（7-2-2）+（12-1）+（12-2-1）	8.08	9.5	12.42				30.00 
272	（7-2-2）+（12-1）+（12-2-1）	13.09	9	7.91				30.00 
282	（7-2-2）+（12-1）+（12-2-1）	9.73	8	12.27				30.00 
293	（7-2-2）+（12-1）+（12-2-1）	3.2	9.31	17.49				30.00 
530	（12-1）+（12-2-1）+（12-3）	6.38	8.99	14.63				30.00 
541	（7-2-1）+（12-1）+（12-2-1）	7.48	15.05	7.47				30.00 
552	（7-2-1）+（7-2-2）	27.32	2.68					30.00 
563	（12-1）	30						30.00 
586	（7-2-1）	30						30.00 
596	（7-2-1）+（7-2-2）	7.8	22.2					30.00 
608	（7-2-2）+（9-1）	24.48	5.52					30.00 
635	（7-2-2）	30						30.00 
651	（7-2-1）+（7-2-2）	4.8	25.2					30.00 
663	（7-2-2）	30						30.00 
674	（7-2-1）+（7-2-2）	16.98	13.02					30.00 
686	(4-2)+（7-2-1）	3.49	26.51					30.00 
697	(4-9)+（7-2-1）+（7-2-2）	1.6	23.94	4.46				30.00 
709	(4-9)+（7-2-1）+（7-2-2）+(9-1)	2.82	3.53	18.98	4.67			30.00 
721	（7-2-1)+(9-1)	11.21	18.79					30.00 
733	（7-2-1）+（7-2-2）+(9-1)	6.23	12.52	11.25				30.00 
744	（7-2-1）+（7-2-2）+(9-1)	0.84	19.98	9.18				30.00 
756	（7-2-1）+（7-2-2）+(9-1)	2.37	22.5	5.13				30.00 
768	（7-2-2）+(9-1)	19.68	10.32					30.00 
779	（7-2-1）+（7-2-2）+(9-1)	5.54	8.09	16.37				30.00 
789	（7-2-1）+（7-2-2）	3.14	26.86					30.00 
801	（7-2-1）+（7-2-2）+(9-1)	7.7	20.51	1.79				30.00 
812	（7-2-1）+（7-2-2）+(9-1)	3.31	23.99	2.7				30.00 
824	（7-2-2）+(9-1)	19.06	10.94					30.00 
836	（7-2-2）+(9-1)	27.84	2.16					30.00 
848	（7-2-2）	30						30.00 
861	（7-2-2）+(9-1)	8.54	21.46					30.00 
871	（7-2-1）+（7-2-2）+(9-1)	0.56	25.97	3.47				30.00 
883	（7-2-2）+(9-1)+(9-2-1)	1.11	20.46	8.43				30.00 
897	(9-1)+(9-2-1)+(9-3)	2.79	25.37	1.84				30.00 
909	(9-1)+(9-2-1)	14.21	15.79					30.00 
916	(9-1)+(9-2-1)	22.87	7.13					30.00 
927	(9-1)+(9-2-1)+(9-3)	6.97	22.54	0.49				30.00 
940	(9-1)+(9-2-1)	18.58	11.42					30.00 
947	（7-2-2）	30						30.00 
956	（7-2-2）+(9-1)	2.23	27.77					30.00 
965	(9-1)+(9-2-1)	3.74	26.26					30.00 
976	（7-2-2）+(9-1)	27	3					30.00 
986	（7-2-2）	30						30.00 
995	（7-2-2）	30						30.00 
1018	（7-2-2）	30						30.00 
1026	（7-2-1）+（7-2-2）	8.42	21.58					30.00 
1036	（7-2-1）+（7-2-2）	11.6	18.4					30.00 
1046	（7-2-2）	30						30.00 
1050	（7-2-1）+（7-2-2）+（9-1）	0.75	28.99	0.26				30.00 
1061	（7-2-1）+（7-2-2）	19.58	10.42					30.00 
1072	（4-2）+（7-2-1）+（7-2-2）	4.93	5.45	19.62				30.00 
1080	（4-2）+（4-10）+（7-2-2）+ (9-1)	8.92	9.97	5.04	6.07			30.00 
1091	（4-2）+（4-10）+（7-2-2）	8.63	4.05	17.32				30.00 
1102	（4-2）+（4-10）+（7-2-2）	4.95	10.53	14.52				30.00 
1112	（4-4）+（4-2）+（4-10）+（7-2-2）	3.06	8.22	15.4	3.32			30.00 
1122	（7-2-2）+ (9-1)	12.56	17.44					30.00 
1131	（4-4）+（7-2-1）+（7-2-2）	0.3	11.92	17.78				30.00 
1142	（4-4）+（7-2-1）	5.84	24.16					30.00 
1150	（4-4）+（4-10）+（7-2-1）	7.52	8	14.58				30.10 
1162	（4-2）+（4-10）+（7-2-1）	8.4	6.07	15.53				30.00 
1175	（4-4）+（7-2-1）+（7-2-2）	16.98	10.62	2.4				30.00 
1187	（4-2）+（4-4）+（4-10）+（7-2-1）	7.19	6.51	10.51	5.79			30.00 
1196	（4-2）+（4-4）+（4-10）+（7-2-1）	4.97	7	11.5	6.53			30.00 
1206	（1-8）+（7-2-1）	26.75	3.25					30.00 
1222	（4-10）+（7-2-1）	17.1	12.9					30.00 
1229	（2-3）+（4-2）+（4-10）+（7-2-1）	1.28	5.94	20.53	2.25			30.00 
1242	（2-3）+（4-2）+（4-10）+（7-2-1）	0.33	17.49	9.01	3.17			30.00 
1260	（2-3）+（4-2）+（4-10）+（7-2-1）	1.11	14.51	13.99	0.39			30.00 
1275	（2-3）+（4-2）+（4-10）	3.41	20.49	6.1				30.00 
1290	（2-3）+（4-2）+（7-2-1）	9.79	16.54	3.67				30.00 
1298	（2-3）+（4-2）+（7-2-1）	12.78	11	6.3				30.08 
1307	（2-3）+（4-2）+（7-2-2）	12.47	9.94	7.59				30.00 
1322	（2-3）+（9-1）+（9-2-1）	13.14	5.09	11.77				30.00 
1332	（2-3）+（7-2-2）+（9-1）	14.82	13.46	1.72				30.00 
1345	（2-3）	30						30.00 